0 0.1515625 0.525 0.134375 0.17916666666666667
0 0.29296875 0.36875 0.1296875 0.16666666666666666
0 0.69765625 0.246875 0.1359375 0.16041666666666668
0 0.425 0.5583333333333333 0.15 0.2
0 0.6078125 0.5020833333333333 0.16875 0.2125
0 0.2640625 0.6947916666666667 0.13125 0.18125
0 0.68125 0.81875 0.165625 0.22083333333333333
0 0.1515625 0.525 0.134375 0.17916666666666667
0 0.29296875 0.36875 0.1296875 0.16666666666666666
0 0.69765625 0.246875 0.1359375 0.16041666666666668
0 0.425 0.5583333333333333 0.15 0.2
0 0.6078125 0.5020833333333333 0.16875 0.2125
0 0.2640625 0.6947916666666667 0.13125 0.18125
0 0.68125 0.81875 0.165625 0.22083333333333333
