0 0.30859375 0.3302083333333333 0.1546875 0.18958333333333333
0 0.14453125 0.5145833333333333 0.1515625 0.20833333333333334
0 0.3125 0.6145833333333334 0.16875 0.22083333333333333
0 0.709375 0.2760416666666667 0.184375 0.23125
0 0.5 0.5083333333333333 0.16875 0.23333333333333334
0 0.68671875 0.4739583333333333 0.1671875 0.21041666666666667
0 0.15390625 0.828125 0.1703125 0.22291666666666668
0 0.80625 0.8135416666666667 0.190625 0.25625
0 0.30859375 0.3302083333333333 0.1546875 0.18958333333333333
0 0.14453125 0.5145833333333333 0.1515625 0.20833333333333334
0 0.3125 0.6145833333333334 0.16875 0.22083333333333333
0 0.709375 0.2760416666666667 0.184375 0.23125
0 0.5 0.5083333333333333 0.16875 0.23333333333333334
0 0.68671875 0.4739583333333333 0.1671875 0.21041666666666667
0 0.15390625 0.828125 0.1703125 0.22291666666666668
0 0.80625 0.8135416666666667 0.190625 0.25625
