0 0.1140625 0.33125 0.165625 0.2125
0 0.36171875 0.28958333333333336 0.1609375 0.225
0 0.7453125 0.25104166666666666 0.184375 0.2520833333333333
0 0.43984375 0.5125 0.1671875 0.21666666666666667
0 0.7125 0.5416666666666666 0.159375 0.20833333333333334
0 0.9078125 0.5364583333333334 0.140625 0.20208333333333334
0 0.30703125 0.8052083333333333 0.1578125 0.20625
0 0.503125 0.7458333333333333 0.175 0.2375
0 0.6984375 0.771875 0.171875 0.22708333333333333
0 0.1140625 0.33125 0.165625 0.2125
0 0.36171875 0.28958333333333336 0.1609375 0.225
0 0.7453125 0.25104166666666666 0.184375 0.2520833333333333
0 0.43984375 0.5125 0.1671875 0.21666666666666667
0 0.7125 0.5416666666666666 0.159375 0.20833333333333334
0 0.9078125 0.5364583333333334 0.140625 0.20208333333333334
0 0.30703125 0.8052083333333333 0.1578125 0.20625
0 0.503125 0.7458333333333333 0.175 0.2375
0 0.6984375 0.771875 0.171875 0.22708333333333333
