0 0.29453125 0.20625 0.1671875 0.20833333333333334
0 0.76640625 0.2635416666666667 0.1390625 0.18541666666666667
0 0.18203125 0.38125 0.1515625 0.1875
0 0.55 0.47708333333333336 0.15 0.2
0 0.74765625 0.5635416666666667 0.1484375 0.20208333333333334
0 0.88359375 0.4666666666666667 0.1640625 0.23333333333333334
0 0.34375 0.7739583333333333 0.1375 0.19791666666666666
0 0.54453125 0.8083333333333333 0.1640625 0.22916666666666666
0 0.7609375 0.8166666666666667 0.146875 0.19166666666666668
0 0.29453125 0.20625 0.1671875 0.20833333333333334
0 0.76640625 0.2635416666666667 0.1390625 0.18541666666666667
0 0.18203125 0.38125 0.1515625 0.1875
0 0.55 0.47708333333333336 0.15 0.2
0 0.74765625 0.5635416666666667 0.1484375 0.20208333333333334
0 0.88359375 0.4666666666666667 0.1640625 0.23333333333333334
0 0.34375 0.7739583333333333 0.1375 0.19791666666666666
0 0.54453125 0.8083333333333333 0.1640625 0.22916666666666666
0 0.7609375 0.8166666666666667 0.146875 0.19166666666666668
