0 0.51328125 0.26458333333333334 0.1796875 0.22916666666666666
0 0.77734375 0.2520833333333333 0.1515625 0.20416666666666666
0 0.1453125 0.43125 0.165625 0.2125
0 0.5453125 0.5260416666666666 0.165625 0.21875
0 0.73359375 0.578125 0.1640625 0.21458333333333332
0 0.91484375 0.5989583333333334 0.1609375 0.23541666666666666
0 0.796875 0.8333333333333334 0.16875 0.21666666666666667
0 0.53984375 0.8364583333333333 0.2015625 0.2604166666666667
0 0.328125 0.8322916666666667 0.159375 0.21458333333333332
0 0.51328125 0.26458333333333334 0.1796875 0.22916666666666666
0 0.77734375 0.2520833333333333 0.1515625 0.20416666666666666
0 0.1453125 0.43125 0.165625 0.2125
0 0.5453125 0.5260416666666666 0.165625 0.21875
0 0.73359375 0.578125 0.1640625 0.21458333333333332
0 0.91484375 0.5989583333333334 0.1609375 0.23541666666666666
0 0.796875 0.8333333333333334 0.16875 0.21666666666666667
0 0.53984375 0.8364583333333333 0.2015625 0.2604166666666667
0 0.328125 0.8322916666666667 0.159375 0.21458333333333332
