0 0.1796875 0.34375 0.1375 0.20416666666666666
0 0.31796875 0.521875 0.1484375 0.19791666666666666
0 0.7859375 0.371875 0.15 0.19791666666666666
0 0.5 0.6020833333333333 0.159375 0.20416666666666666
0 0.4484375 0.8333333333333334 0.175 0.225
0 0.69765625 0.5989583333333334 0.1453125 0.19791666666666666
0 0.86171875 0.6739583333333333 0.1546875 0.21041666666666667
0 0.6703125 0.8583333333333333 0.153125 0.19583333333333333
0 0.1796875 0.34375 0.1375 0.20416666666666666
0 0.31796875 0.521875 0.1484375 0.19791666666666666
0 0.7859375 0.371875 0.15 0.19791666666666666
0 0.5 0.6020833333333333 0.159375 0.20416666666666666
0 0.4484375 0.8333333333333334 0.175 0.225
0 0.69765625 0.5989583333333334 0.1453125 0.19791666666666666
0 0.86171875 0.6739583333333333 0.1546875 0.21041666666666667
0 0.6703125 0.8583333333333333 0.153125 0.19583333333333333
