0 0.18125 0.18333333333333332 0.1875 0.23333333333333334
0 0.4390625 0.153125 0.2 0.25625
0 0.66015625 0.20729166666666668 0.1515625 0.19791666666666666
0 0.88203125 0.23541666666666666 0.1609375 0.20833333333333334
0 0.14765625 0.5229166666666667 0.2140625 0.275
0 0.3875 0.5302083333333333 0.153125 0.21041666666666667
0 0.13515625 0.815625 0.1734375 0.22708333333333333
0 0.34140625 0.8479166666666667 0.1671875 0.225
0 0.640625 0.8041666666666667 0.18125 0.2375
0 0.8546875 0.7833333333333333 0.146875 0.2125
0 0.18125 0.18333333333333332 0.1875 0.23333333333333334
0 0.4390625 0.153125 0.2 0.25625
0 0.66015625 0.20729166666666668 0.1515625 0.19791666666666666
0 0.88203125 0.23541666666666666 0.1609375 0.20833333333333334
0 0.14765625 0.5229166666666667 0.2140625 0.275
0 0.3875 0.5302083333333333 0.153125 0.21041666666666667
0 0.13515625 0.815625 0.1734375 0.22708333333333333
0 0.34140625 0.8479166666666667 0.1671875 0.225
0 0.640625 0.8041666666666667 0.18125 0.2375
0 0.8546875 0.7833333333333333 0.146875 0.2125
