0 0.165625 0.16979166666666667 0.15625 0.20208333333333334
0 0.41484375 0.16666666666666666 0.1953125 0.25833333333333336
0 0.6421875 0.23958333333333334 0.14375 0.19583333333333333
0 0.1359375 0.5385416666666667 0.215625 0.27708333333333335
0 0.396875 0.490625 0.190625 0.24791666666666667
0 0.8484375 0.5135416666666667 0.15625 0.19791666666666666
0 0.171875 0.8270833333333333 0.16875 0.21666666666666667
0 0.3875 0.8333333333333334 0.171875 0.21666666666666667
0 0.60859375 0.771875 0.1578125 0.20625
0 0.9 0.8291666666666667 0.165625 0.225
0 0.165625 0.16979166666666667 0.15625 0.20208333333333334
0 0.41484375 0.16666666666666666 0.1953125 0.25833333333333336
0 0.6421875 0.23958333333333334 0.14375 0.19583333333333333
0 0.1359375 0.5385416666666667 0.215625 0.27708333333333335
0 0.396875 0.490625 0.190625 0.24791666666666667
0 0.8484375 0.5135416666666667 0.15625 0.19791666666666666
0 0.171875 0.8270833333333333 0.16875 0.21666666666666667
0 0.3875 0.8333333333333334 0.171875 0.21666666666666667
0 0.60859375 0.771875 0.1578125 0.20625
0 0.9 0.8291666666666667 0.165625 0.225
