0 0.15546875 0.18958333333333333 0.1515625 0.19166666666666668
0 0.39140625 0.14791666666666667 0.2015625 0.25416666666666665
0 0.60859375 0.196875 0.1453125 0.19375
0 0.1125 0.48333333333333334 0.2125 0.2833333333333333
0 0.3796875 0.48125 0.190625 0.25833333333333336
0 0.84140625 0.47708333333333336 0.1546875 0.20833333333333334
0 0.15390625 0.796875 0.1671875 0.21875
0 0.39609375 0.7854166666666667 0.1515625 0.2125
0 0.63671875 0.7885416666666667 0.1703125 0.21875
0 0.90390625 0.7864583333333334 0.1640625 0.22708333333333333
0 0.15546875 0.18958333333333333 0.1515625 0.19166666666666668
0 0.39140625 0.14791666666666667 0.2015625 0.25416666666666665
0 0.60859375 0.196875 0.1453125 0.19375
0 0.1125 0.48333333333333334 0.2125 0.2833333333333333
0 0.3796875 0.48125 0.190625 0.25833333333333336
0 0.84140625 0.47708333333333336 0.1546875 0.20833333333333334
0 0.15390625 0.796875 0.1671875 0.21875
0 0.39609375 0.7854166666666667 0.1515625 0.2125
0 0.63671875 0.7885416666666667 0.1703125 0.21875
0 0.90390625 0.7864583333333334 0.1640625 0.22708333333333333
