0 0.1609375 0.15 0.159375 0.21666666666666667
0 0.4328125 0.14791666666666667 0.209375 0.2791666666666667
0 0.6328125 0.20729166666666668 0.15625 0.20625
0 0.859375 0.19166666666666668 0.15625 0.21666666666666667
0 0.1359375 0.46041666666666664 0.209375 0.275
0 0.40546875 0.4822916666666667 0.1921875 0.2520833333333333
0 0.67734375 0.48333333333333334 0.1609375 0.21666666666666667
0 0.8703125 0.465625 0.15 0.20625
0 0.20390625 0.740625 0.1609375 0.20625
0 0.43515625 0.76875 0.1515625 0.20416666666666666
0 0.6421875 0.7375 0.15 0.19583333333333333
0 0.89453125 0.76875 0.1671875 0.20833333333333334
0 0.1609375 0.15 0.159375 0.21666666666666667
0 0.4328125 0.14791666666666667 0.209375 0.2791666666666667
0 0.6328125 0.20729166666666668 0.15625 0.20625
0 0.859375 0.19166666666666668 0.15625 0.21666666666666667
0 0.1359375 0.46041666666666664 0.209375 0.275
0 0.40546875 0.4822916666666667 0.1921875 0.2520833333333333
0 0.67734375 0.48333333333333334 0.1609375 0.21666666666666667
0 0.8703125 0.465625 0.15 0.20625
0 0.20390625 0.740625 0.1609375 0.20625
0 0.43515625 0.76875 0.1515625 0.20416666666666666
0 0.6421875 0.7375 0.15 0.19583333333333333
0 0.89453125 0.76875 0.1671875 0.20833333333333334
