0 0.16171875 0.246875 0.1640625 0.21458333333333332
0 0.378125 0.159375 0.209375 0.28541666666666665
0 0.62421875 0.21145833333333333 0.1578125 0.21041666666666667
0 0.85703125 0.18020833333333333 0.1640625 0.21458333333333332
0 0.14140625 0.5197916666666667 0.1640625 0.21041666666666667
0 0.40625 0.478125 0.15625 0.20625
0 0.67890625 0.49895833333333334 0.1609375 0.21458333333333332
0 0.896875 0.528125 0.196875 0.27708333333333335
0 0.10703125 0.8822916666666667 0.1671875 0.21041666666666667
0 0.4109375 0.7510416666666667 0.190625 0.25625
0 0.64765625 0.771875 0.1546875 0.20625
0 0.8546875 0.8 0.15625 0.20833333333333334
0 0.16171875 0.246875 0.1640625 0.21458333333333332
0 0.378125 0.159375 0.209375 0.28541666666666665
0 0.62421875 0.21145833333333333 0.1578125 0.21041666666666667
0 0.85703125 0.18020833333333333 0.1640625 0.21458333333333332
0 0.14140625 0.5197916666666667 0.1640625 0.21041666666666667
0 0.40625 0.478125 0.15625 0.20625
0 0.67890625 0.49895833333333334 0.1609375 0.21458333333333332
0 0.896875 0.528125 0.196875 0.27708333333333335
0 0.10703125 0.8822916666666667 0.1671875 0.21041666666666667
0 0.4109375 0.7510416666666667 0.190625 0.25625
0 0.64765625 0.771875 0.1546875 0.20625
0 0.8546875 0.8 0.15625 0.20833333333333334
