0 0.2234375 0.1875 0.165625 0.20833333333333334
0 0.62421875 0.19375 0.1546875 0.20416666666666666
0 0.84765625 0.16770833333333332 0.1578125 0.21041666666666667
0 0.1125 0.4010416666666667 0.1625 0.21041666666666667
0 0.27578125 0.5541666666666667 0.1703125 0.23333333333333334
0 0.45 0.43645833333333334 0.153125 0.20208333333333334
0 0.67578125 0.459375 0.1703125 0.22291666666666668
0 0.88125 0.5895833333333333 0.203125 0.2708333333333333
0 0.57578125 0.7375 0.1546875 0.21666666666666667
0 0.41484375 0.88125 0.1703125 0.22083333333333333
0 0.134375 0.7104166666666667 0.190625 0.25833333333333336
0 0.2234375 0.1875 0.165625 0.20833333333333334
0 0.62421875 0.19375 0.1546875 0.20416666666666666
0 0.84765625 0.16770833333333332 0.1578125 0.21041666666666667
0 0.1125 0.4010416666666667 0.1625 0.21041666666666667
0 0.27578125 0.5541666666666667 0.1703125 0.23333333333333334
0 0.45 0.43645833333333334 0.153125 0.20208333333333334
0 0.67578125 0.459375 0.1703125 0.22291666666666668
0 0.88125 0.5895833333333333 0.203125 0.2708333333333333
0 0.57578125 0.7375 0.1546875 0.21666666666666667
0 0.41484375 0.88125 0.1703125 0.22083333333333333
0 0.134375 0.7104166666666667 0.190625 0.25833333333333336
