0 0.36484375 0.18229166666666666 0.1546875 0.18958333333333333
0 0.57265625 0.19895833333333332 0.1484375 0.19791666666666666
0 0.790625 0.184375 0.1625 0.21041666666666667
0 0.134375 0.43333333333333335 0.165625 0.2125
0 0.325 0.453125 0.175 0.24375
0 0.590625 0.46458333333333335 0.178125 0.2375
0 0.8734375 0.546875 0.203125 0.26875
0 0.85 0.8239583333333333 0.15625 0.21041666666666667
0 0.36796875 0.771875 0.1703125 0.22708333333333333
0 0.10546875 0.7645833333333333 0.1953125 0.26666666666666666
0 0.36484375 0.18229166666666666 0.1546875 0.18958333333333333
0 0.57265625 0.19895833333333332 0.1484375 0.19791666666666666
0 0.790625 0.184375 0.1625 0.21041666666666667
0 0.134375 0.43333333333333335 0.165625 0.2125
0 0.325 0.453125 0.175 0.24375
0 0.590625 0.46458333333333335 0.178125 0.2375
0 0.8734375 0.546875 0.203125 0.26875
0 0.85 0.8239583333333333 0.15625 0.21041666666666667
0 0.36796875 0.771875 0.1703125 0.22708333333333333
0 0.10546875 0.7645833333333333 0.1953125 0.26666666666666666
