0 0.13671875 0.16041666666666668 0.1640625 0.2
0 0.59765625 0.21770833333333334 0.1640625 0.21875
0 0.81796875 0.23958333333333334 0.1484375 0.19583333333333333
0 0.10078125 0.4322916666666667 0.1734375 0.22708333333333333
0 0.3515625 0.509375 0.196875 0.24375
0 0.63046875 0.5135416666666667 0.1859375 0.2520833333333333
0 0.87421875 0.5510416666666667 0.2015625 0.27291666666666664
0 0.87109375 0.846875 0.1546875 0.21875
0 0.6296875 0.8052083333333333 0.171875 0.23125
0 0.11640625 0.7677083333333333 0.2171875 0.27708333333333335
0 0.13671875 0.16041666666666668 0.1640625 0.2
0 0.59765625 0.21770833333333334 0.1640625 0.21875
0 0.81796875 0.23958333333333334 0.1484375 0.19583333333333333
0 0.10078125 0.4322916666666667 0.1734375 0.22708333333333333
0 0.3515625 0.509375 0.196875 0.24375
0 0.63046875 0.5135416666666667 0.1859375 0.2520833333333333
0 0.87421875 0.5510416666666667 0.2015625 0.27291666666666664
0 0.87109375 0.846875 0.1546875 0.21875
0 0.6296875 0.8052083333333333 0.171875 0.23125
0 0.11640625 0.7677083333333333 0.2171875 0.27708333333333335
