0 0.1765625 0.1625 0.1625 0.20416666666666666
0 0.38828125 0.18020833333333333 0.1671875 0.21041666666666667
0 0.596875 0.18854166666666666 0.1625 0.20625
0 0.8171875 0.20416666666666666 0.14375 0.19166666666666668
0 0.103125 0.38333333333333336 0.171875 0.22083333333333333
0 0.37890625 0.446875 0.2046875 0.2604166666666667
0 0.621875 0.5041666666666667 0.1875 0.24166666666666667
0 0.91015625 0.5020833333333333 0.1734375 0.2375
0 0.8390625 0.8458333333333333 0.165625 0.23333333333333334
0 0.6078125 0.796875 0.1625 0.21875
0 0.1765625 0.1625 0.1625 0.20416666666666666
0 0.38828125 0.18020833333333333 0.1671875 0.21041666666666667
0 0.596875 0.18854166666666666 0.1625 0.20625
0 0.8171875 0.20416666666666666 0.14375 0.19166666666666668
0 0.103125 0.38333333333333336 0.171875 0.22083333333333333
0 0.37890625 0.446875 0.2046875 0.2604166666666667
0 0.621875 0.5041666666666667 0.1875 0.24166666666666667
0 0.91015625 0.5020833333333333 0.1734375 0.2375
0 0.8390625 0.8458333333333333 0.165625 0.23333333333333334
0 0.6078125 0.796875 0.1625 0.21875
