0 0.434375 0.1875 0.15625 0.20833333333333334
0 0.63515625 0.125 0.1640625 0.21666666666666667
0 0.35546875 0.4895833333333333 0.1734375 0.22916666666666666
0 0.62265625 0.5177083333333333 0.1953125 0.25625
0 0.8734375 0.540625 0.16875 0.21875
0 0.190625 0.7166666666666667 0.175 0.2375
0 0.40234375 0.78125 0.1609375 0.20833333333333334
0 0.63828125 0.8145833333333333 0.1609375 0.2125
0 0.82578125 0.8114583333333333 0.1515625 0.20625
0 0.434375 0.1875 0.15625 0.20833333333333334
0 0.63515625 0.125 0.1640625 0.21666666666666667
0 0.35546875 0.4895833333333333 0.1734375 0.22916666666666666
0 0.62265625 0.5177083333333333 0.1953125 0.25625
0 0.8734375 0.540625 0.16875 0.21875
0 0.190625 0.7166666666666667 0.175 0.2375
0 0.40234375 0.78125 0.1609375 0.20833333333333334
0 0.63828125 0.8145833333333333 0.1609375 0.2125
0 0.82578125 0.8114583333333333 0.1515625 0.20625
