0 0.434375 0.25729166666666664 0.19375 0.24791666666666667
0 0.6859375 0.24791666666666667 0.15 0.2
0 0.884375 0.259375 0.15 0.18958333333333333
0 0.43359375 0.5479166666666667 0.1734375 0.22916666666666666
0 0.65390625 0.540625 0.1796875 0.23541666666666666
0 0.8703125 0.5291666666666667 0.1625 0.20833333333333334
0 0.2265625 0.8291666666666667 0.178125 0.25
0 0.65859375 0.84375 0.2078125 0.2625
0 0.9 0.8010416666666667 0.15 0.20208333333333334
0 0.434375 0.25729166666666664 0.19375 0.24791666666666667
0 0.6859375 0.24791666666666667 0.15 0.2
0 0.884375 0.259375 0.15 0.18958333333333333
0 0.43359375 0.5479166666666667 0.1734375 0.22916666666666666
0 0.65390625 0.540625 0.1796875 0.23541666666666666
0 0.8703125 0.5291666666666667 0.1625 0.20833333333333334
0 0.2265625 0.8291666666666667 0.178125 0.25
0 0.65859375 0.84375 0.2078125 0.2625
0 0.9 0.8010416666666667 0.15 0.20208333333333334
