0 0.1484375 0.19375 0.153125 0.2125
0 0.38671875 0.21145833333333333 0.2078125 0.27708333333333335
0 0.14921875 0.440625 0.1703125 0.21458333333333332
0 0.384375 0.5041666666666667 0.178125 0.22916666666666666
0 0.59921875 0.4552083333333333 0.1671875 0.21875
0 0.8390625 0.44479166666666664 0.178125 0.24791666666666667
0 0.15390625 0.7375 0.1578125 0.19166666666666668
0 0.3484375 0.778125 0.153125 0.19791666666666666
0 0.5765625 0.7645833333333333 0.18125 0.24583333333333332
0 0.1484375 0.19375 0.153125 0.2125
0 0.38671875 0.21145833333333333 0.2078125 0.27708333333333335
0 0.14921875 0.440625 0.1703125 0.21458333333333332
0 0.384375 0.5041666666666667 0.178125 0.22916666666666666
0 0.59921875 0.4552083333333333 0.1671875 0.21875
0 0.8390625 0.44479166666666664 0.178125 0.24791666666666667
0 0.15390625 0.7375 0.1578125 0.19166666666666668
0 0.3484375 0.778125 0.153125 0.19791666666666666
0 0.5765625 0.7645833333333333 0.18125 0.24583333333333332
