0 0.39921875 0.18541666666666667 0.2078125 0.26666666666666666
0 0.6921875 0.178125 0.159375 0.22708333333333333
0 0.89140625 0.22083333333333333 0.1578125 0.20833333333333334
0 0.1609375 0.5385416666666667 0.20625 0.26458333333333334
0 0.4015625 0.5083333333333333 0.18125 0.24166666666666667
0 0.65390625 0.47604166666666664 0.1828125 0.2520833333333333
0 0.8828125 0.5104166666666666 0.159375 0.21666666666666667
0 0.62265625 0.7625 0.1609375 0.20833333333333334
0 0.87890625 0.7770833333333333 0.1421875 0.2
0 0.39921875 0.18541666666666667 0.2078125 0.26666666666666666
0 0.6921875 0.178125 0.159375 0.22708333333333333
0 0.89140625 0.22083333333333333 0.1578125 0.20833333333333334
0 0.1609375 0.5385416666666667 0.20625 0.26458333333333334
0 0.4015625 0.5083333333333333 0.18125 0.24166666666666667
0 0.65390625 0.47604166666666664 0.1828125 0.2520833333333333
0 0.8828125 0.5104166666666666 0.159375 0.21666666666666667
0 0.62265625 0.7625 0.1609375 0.20833333333333334
0 0.87890625 0.7770833333333333 0.1421875 0.2
