0 0.16796875 0.234375 0.2046875 0.25625
0 0.703125 0.22604166666666667 0.1625 0.21458333333333332
0 0.89140625 0.28125 0.1546875 0.20833333333333334
0 0.20234375 0.5666666666666667 0.2015625 0.2625
0 0.4453125 0.5197916666666667 0.15625 0.21458333333333332
0 0.6875 0.49583333333333335 0.1875 0.25
0 0.91328125 0.559375 0.1671875 0.21875
0 0.4453125 0.7958333333333333 0.18125 0.25833333333333336
0 0.89453125 0.8385416666666666 0.1515625 0.20208333333333334
0 0.16796875 0.234375 0.2046875 0.25625
0 0.703125 0.22604166666666667 0.1625 0.21458333333333332
0 0.89140625 0.28125 0.1546875 0.20833333333333334
0 0.20234375 0.5666666666666667 0.2015625 0.2625
0 0.4453125 0.5197916666666667 0.15625 0.21458333333333332
0 0.6875 0.49583333333333335 0.1875 0.25
0 0.91328125 0.559375 0.1671875 0.21875
0 0.4453125 0.7958333333333333 0.18125 0.25833333333333336
0 0.89453125 0.8385416666666666 0.1515625 0.20208333333333334
