0 0.1859375 0.19895833333333332 0.2125 0.27708333333333335
0 0.4171875 0.19791666666666666 0.16875 0.22083333333333333
0 0.628125 0.196875 0.165625 0.22291666666666668
0 0.84375 0.225 0.165625 0.22916666666666666
0 0.18671875 0.5364583333333334 0.2015625 0.26458333333333334
0 0.41484375 0.5385416666666667 0.1546875 0.21041666666666667
0 0.6640625 0.4583333333333333 0.190625 0.25416666666666665
0 0.8703125 0.5322916666666667 0.15 0.21458333333333332
0 0.18203125 0.8395833333333333 0.1671875 0.21666666666666667
0 0.41796875 0.8114583333333333 0.1796875 0.23958333333333334
0 0.84140625 0.8270833333333333 0.1703125 0.21666666666666667
0 0.1859375 0.19895833333333332 0.2125 0.27708333333333335
0 0.4171875 0.19791666666666666 0.16875 0.22083333333333333
0 0.628125 0.196875 0.165625 0.22291666666666668
0 0.84375 0.225 0.165625 0.22916666666666666
0 0.18671875 0.5364583333333334 0.2015625 0.26458333333333334
0 0.41484375 0.5385416666666667 0.1546875 0.21041666666666667
0 0.6640625 0.4583333333333333 0.190625 0.25416666666666665
0 0.8703125 0.5322916666666667 0.15 0.21458333333333332
0 0.18203125 0.8395833333333333 0.1671875 0.21666666666666667
0 0.41796875 0.8114583333333333 0.1796875 0.23958333333333334
0 0.84140625 0.8270833333333333 0.1703125 0.21666666666666667
