0 0.3671875 0.16979166666666667 0.175 0.23541666666666666
0 0.5828125 0.13958333333333334 0.1875 0.25833333333333336
0 0.83984375 0.17708333333333334 0.1796875 0.24583333333333332
0 0.1109375 0.453125 0.16875 0.23125
0 0.35234375 0.49270833333333336 0.1921875 0.27291666666666664
0 0.6234375 0.42604166666666665 0.171875 0.23541666666666666
0 0.8140625 0.4395833333333333 0.159375 0.22083333333333333
0 0.153125 0.7666666666666667 0.171875 0.23333333333333334
0 0.3828125 0.7895833333333333 0.2 0.2708333333333333
0 0.58984375 0.75 0.1734375 0.225
0 0.825 0.7708333333333334 0.20625 0.26666666666666666
0 0.3671875 0.16979166666666667 0.175 0.23541666666666666
0 0.5828125 0.13958333333333334 0.1875 0.25833333333333336
0 0.83984375 0.17708333333333334 0.1796875 0.24583333333333332
0 0.1109375 0.453125 0.16875 0.23125
0 0.35234375 0.49270833333333336 0.1921875 0.27291666666666664
0 0.6234375 0.42604166666666665 0.171875 0.23541666666666666
0 0.8140625 0.4395833333333333 0.159375 0.22083333333333333
0 0.153125 0.7666666666666667 0.171875 0.23333333333333334
0 0.3828125 0.7895833333333333 0.2 0.2708333333333333
0 0.58984375 0.75 0.1734375 0.225
0 0.825 0.7708333333333334 0.20625 0.26666666666666666
