0 0.84140625 0.240625 0.1671875 0.21875
0 0.428125 0.5385416666666667 0.1625 0.21041666666666667
0 0.6390625 0.5177083333333333 0.1625 0.21458333333333332
0 0.45859375 0.771875 0.1671875 0.22291666666666668
0 0.259375 0.7625 0.159375 0.21666666666666667
0 0.84140625 0.240625 0.1671875 0.21875
0 0.428125 0.5385416666666667 0.1625 0.21041666666666667
0 0.6390625 0.5177083333333333 0.1625 0.21458333333333332
0 0.45859375 0.771875 0.1671875 0.22291666666666668
0 0.259375 0.7625 0.159375 0.21666666666666667
