0 0.16484375 0.25 0.1640625 0.22083333333333333
0 0.8546875 0.25416666666666665 0.1875 0.24166666666666667
0 0.575 0.5427083333333333 0.178125 0.23541666666666666
0 0.80234375 0.5541666666666667 0.1734375 0.23333333333333334
0 0.1671875 0.7989583333333333 0.175 0.22708333333333333
0 0.16484375 0.25 0.1640625 0.22083333333333333
0 0.8546875 0.25416666666666665 0.1875 0.24166666666666667
0 0.575 0.5427083333333333 0.178125 0.23541666666666666
0 0.80234375 0.5541666666666667 0.1734375 0.23333333333333334
0 0.1671875 0.7989583333333333 0.175 0.22708333333333333
