0 0.16875 0.26458333333333334 0.18125 0.24166666666666667
0 0.3921875 0.17604166666666668 0.209375 0.26458333333333334
0 0.88203125 0.246875 0.1921875 0.2604166666666667
0 0.8140625 0.5520833333333334 0.1625 0.225
0 0.1625 0.8291666666666667 0.184375 0.2375
0 0.3890625 0.85 0.2 0.25
0 0.83671875 0.8197916666666667 0.1734375 0.24375
0 0.16875 0.26458333333333334 0.18125 0.24166666666666667
0 0.3921875 0.17604166666666668 0.209375 0.26458333333333334
0 0.88203125 0.246875 0.1921875 0.2604166666666667
0 0.8140625 0.5520833333333334 0.1625 0.225
0 0.1625 0.8291666666666667 0.184375 0.2375
0 0.3890625 0.85 0.2 0.25
0 0.83671875 0.8197916666666667 0.1734375 0.24375
