0 0.153125 0.25 0.18125 0.24166666666666667
0 0.365625 0.20520833333333333 0.19375 0.24791666666666667
0 0.8640625 0.18125 0.20625 0.26666666666666666
0 0.82265625 0.49375 0.1734375 0.23333333333333334
0 0.1671875 0.78125 0.178125 0.24166666666666667
0 0.365625 0.84375 0.203125 0.2791666666666667
0 0.853125 0.7375 0.175 0.25
0 0.153125 0.25 0.18125 0.24166666666666667
0 0.365625 0.20520833333333333 0.19375 0.24791666666666667
0 0.8640625 0.18125 0.20625 0.26666666666666666
0 0.82265625 0.49375 0.1734375 0.23333333333333334
0 0.1671875 0.78125 0.178125 0.24166666666666667
0 0.365625 0.84375 0.203125 0.2791666666666667
0 0.853125 0.7375 0.175 0.25
