0 0.15 0.309375 0.15 0.19791666666666666
0 0.3828125 0.30833333333333335 0.15625 0.20833333333333334
0 0.86796875 0.31354166666666666 0.1515625 0.21041666666666667
0 0.83125 0.5541666666666667 0.140625 0.19166666666666668
0 0.20859375 0.7604166666666666 0.1546875 0.19583333333333333
0 0.42734375 0.7989583333333333 0.1671875 0.21875
0 0.67734375 0.759375 0.1484375 0.20625
0 0.15 0.309375 0.15 0.19791666666666666
0 0.3828125 0.30833333333333335 0.15625 0.20833333333333334
0 0.86796875 0.31354166666666666 0.1515625 0.21041666666666667
0 0.83125 0.5541666666666667 0.140625 0.19166666666666668
0 0.20859375 0.7604166666666666 0.1546875 0.19583333333333333
0 0.42734375 0.7989583333333333 0.1671875 0.21875
0 0.67734375 0.759375 0.1484375 0.20625
