0 0.1546875 0.3489583333333333 0.171875 0.22291666666666668
0 0.3890625 0.25729166666666664 0.171875 0.21875
0 0.6109375 0.209375 0.18125 0.24375
0 0.83515625 0.25 0.1640625 0.2375
0 0.53125 0.5 0.16875 0.22083333333333333
0 0.190625 0.8041666666666667 0.16875 0.21666666666666667
0 0.45859375 0.8125 0.1828125 0.24583333333333332
0 0.1546875 0.3489583333333333 0.171875 0.22291666666666668
0 0.3890625 0.25729166666666664 0.171875 0.21875
0 0.6109375 0.209375 0.18125 0.24375
0 0.83515625 0.25 0.1640625 0.2375
0 0.53125 0.5 0.16875 0.22083333333333333
0 0.190625 0.8041666666666667 0.16875 0.21666666666666667
0 0.45859375 0.8125 0.1828125 0.24583333333333332
