0 0.203125 0.296875 0.1625 0.20625
0 0.40390625 0.22291666666666668 0.1671875 0.2125
0 0.65546875 0.165625 0.1796875 0.24375
0 0.88046875 0.5802083333333333 0.1515625 0.21041666666666667
0 0.4421875 0.7208333333333333 0.1875 0.2625
0 0.70234375 0.8104166666666667 0.1953125 0.25416666666666665
0 0.203125 0.296875 0.1625 0.20625
0 0.40390625 0.22291666666666668 0.1671875 0.2125
0 0.65546875 0.165625 0.1796875 0.24375
0 0.88046875 0.5802083333333333 0.1515625 0.21041666666666667
0 0.4421875 0.7208333333333333 0.1875 0.2625
0 0.70234375 0.8104166666666667 0.1953125 0.25416666666666665
