0 0.184375 0.32916666666666666 0.15 0.19166666666666668
0 0.371875 0.22395833333333334 0.15625 0.20625
0 0.62109375 0.17291666666666666 0.1734375 0.22083333333333333
0 0.54765625 0.44166666666666665 0.1640625 0.225
0 0.8921875 0.4947916666666667 0.140625 0.19791666666666666
0 0.32421875 0.6989583333333333 0.1484375 0.20625
0 0.68046875 0.7385416666666667 0.1609375 0.23958333333333334
0 0.184375 0.32916666666666666 0.15 0.19166666666666668
0 0.371875 0.22395833333333334 0.15625 0.20625
0 0.62109375 0.17291666666666666 0.1734375 0.22083333333333333
0 0.54765625 0.44166666666666665 0.1640625 0.225
0 0.8921875 0.4947916666666667 0.140625 0.19791666666666666
0 0.32421875 0.6989583333333333 0.1484375 0.20625
0 0.68046875 0.7385416666666667 0.1609375 0.23958333333333334
