0 0.390625 0.184375 0.15 0.19375
0 0.5859375 0.15208333333333332 0.15625 0.20416666666666666
0 0.78515625 0.20208333333333334 0.1296875 0.17916666666666667
0 0.2 0.459375 0.1625 0.21041666666666667
0 0.82578125 0.43333333333333335 0.1296875 0.17916666666666667
0 0.15390625 0.778125 0.1703125 0.21458333333333332
0 0.79140625 0.7104166666666667 0.1359375 0.17916666666666667
0 0.390625 0.184375 0.15 0.19375
0 0.5859375 0.15208333333333332 0.15625 0.20416666666666666
0 0.78515625 0.20208333333333334 0.1296875 0.17916666666666667
0 0.2 0.459375 0.1625 0.21041666666666667
0 0.82578125 0.43333333333333335 0.1296875 0.17916666666666667
0 0.15390625 0.778125 0.1703125 0.21458333333333332
0 0.79140625 0.7104166666666667 0.1359375 0.17916666666666667
