0 0.16015625 0.175 0.1671875 0.20833333333333334
0 0.390625 0.23541666666666666 0.146875 0.1875
0 0.59375 0.24375 0.1625 0.2125
0 0.79375 0.21875 0.146875 0.19583333333333333
0 0.640625 0.5229166666666667 0.14375 0.1875
0 0.1515625 0.7927083333333333 0.15 0.18541666666666667
0 0.79375 0.8 0.15625 0.2125
0 0.16015625 0.175 0.1671875 0.20833333333333334
0 0.390625 0.23541666666666666 0.146875 0.1875
0 0.59375 0.24375 0.1625 0.2125
0 0.79375 0.21875 0.146875 0.19583333333333333
0 0.640625 0.5229166666666667 0.14375 0.1875
0 0.1515625 0.7927083333333333 0.15 0.18541666666666667
0 0.79375 0.8 0.15625 0.2125
