0 0.1890625 0.19375 0.15625 0.19583333333333333
0 0.40390625 0.14895833333333333 0.1453125 0.18958333333333333
0 0.65078125 0.13333333333333333 0.1640625 0.22083333333333333
0 0.82890625 0.196875 0.1359375 0.19375
0 0.2109375 0.4479166666666667 0.16875 0.22083333333333333
0 0.440625 0.4125 0.171875 0.22916666666666666
0 0.81796875 0.45208333333333334 0.1484375 0.19583333333333333
0 0.840625 0.7260416666666667 0.15 0.21458333333333332
0 0.1890625 0.19375 0.15625 0.19583333333333333
0 0.40390625 0.14895833333333333 0.1453125 0.18958333333333333
0 0.65078125 0.13333333333333333 0.1640625 0.22083333333333333
0 0.82890625 0.196875 0.1359375 0.19375
0 0.2109375 0.4479166666666667 0.16875 0.22083333333333333
0 0.440625 0.4125 0.171875 0.22916666666666666
0 0.81796875 0.45208333333333334 0.1484375 0.19583333333333333
0 0.840625 0.7260416666666667 0.15 0.21458333333333332
