0 0.11953125 0.20520833333333333 0.1765625 0.21875
0 0.38359375 0.275 0.1546875 0.19166666666666668
0 0.58203125 0.24791666666666667 0.1703125 0.225
0 0.75 0.23020833333333332 0.153125 0.18541666666666667
0 0.19375 0.521875 0.165625 0.21875
0 0.3734375 0.565625 0.15 0.19791666666666666
0 0.7890625 0.5010416666666667 0.153125 0.20625
0 0.1671875 0.8239583333333333 0.184375 0.23958333333333334
0 0.11953125 0.20520833333333333 0.1765625 0.21875
0 0.38359375 0.275 0.1546875 0.19166666666666668
0 0.58203125 0.24791666666666667 0.1703125 0.225
0 0.75 0.23020833333333332 0.153125 0.18541666666666667
0 0.19375 0.521875 0.165625 0.21875
0 0.3734375 0.565625 0.15 0.19791666666666666
0 0.7890625 0.5010416666666667 0.153125 0.20625
0 0.1671875 0.8239583333333333 0.184375 0.23958333333333334
