0 0.1296875 0.21770833333333334 0.165625 0.20625
0 0.3640625 0.2833333333333333 0.1625 0.20833333333333334
0 0.5515625 0.259375 0.15 0.18541666666666667
0 0.76484375 0.22083333333333333 0.1640625 0.20833333333333334
0 0.1609375 0.5333333333333333 0.178125 0.23333333333333334
0 0.38359375 0.5760416666666667 0.1484375 0.20208333333333334
0 0.7671875 0.5104166666666666 0.146875 0.2
0 0.184375 0.8614583333333333 0.16875 0.22291666666666668
0 0.1296875 0.21770833333333334 0.165625 0.20625
0 0.3640625 0.2833333333333333 0.1625 0.20833333333333334
0 0.5515625 0.259375 0.15 0.18541666666666667
0 0.76484375 0.22083333333333333 0.1640625 0.20833333333333334
0 0.1609375 0.5333333333333333 0.178125 0.23333333333333334
0 0.38359375 0.5760416666666667 0.1484375 0.20208333333333334
0 0.7671875 0.5104166666666666 0.146875 0.2
0 0.184375 0.8614583333333333 0.16875 0.22291666666666668
