0 0.2453125 0.23125 0.184375 0.24166666666666667
0 0.7671875 0.19895833333333332 0.184375 0.23125
0 0.4890625 0.5166666666666667 0.175 0.2375
0 0.76171875 0.5125 0.2234375 0.2833333333333333
0 0.24921875 0.8322916666666667 0.1734375 0.23541666666666666
0 0.5140625 0.7927083333333333 0.171875 0.22291666666666668
0 0.79921875 0.828125 0.1828125 0.23541666666666666
0 0.2453125 0.23125 0.184375 0.24166666666666667
0 0.7671875 0.19895833333333332 0.184375 0.23125
0 0.4890625 0.5166666666666667 0.175 0.2375
0 0.76171875 0.5125 0.2234375 0.2833333333333333
0 0.24921875 0.8322916666666667 0.1734375 0.23541666666666666
0 0.5140625 0.7927083333333333 0.171875 0.22291666666666668
0 0.79921875 0.828125 0.1828125 0.23541666666666666
