0 0.16328125 0.25416666666666665 0.1484375 0.2
0 0.3671875 0.2604166666666667 0.159375 0.22083333333333333
0 0.1203125 0.5208333333333334 0.146875 0.2
0 0.321875 0.5135416666666667 0.140625 0.17708333333333334
0 0.78125 0.5416666666666666 0.178125 0.2375
0 0.1359375 0.7583333333333333 0.146875 0.18333333333333332
0 0.3109375 0.76875 0.14375 0.1875
0 0.58125 0.8041666666666667 0.15 0.18333333333333332
0 0.8515625 0.83125 0.171875 0.21666666666666667
0 0.16328125 0.25416666666666665 0.1484375 0.2
0 0.3671875 0.2604166666666667 0.159375 0.22083333333333333
0 0.1203125 0.5208333333333334 0.146875 0.2
0 0.321875 0.5135416666666667 0.140625 0.17708333333333334
0 0.78125 0.5416666666666666 0.178125 0.2375
0 0.1359375 0.7583333333333333 0.146875 0.18333333333333332
0 0.3109375 0.76875 0.14375 0.1875
0 0.58125 0.8041666666666667 0.15 0.18333333333333332
0 0.8515625 0.83125 0.171875 0.21666666666666667
