0 0.17109375 0.19583333333333333 0.1546875 0.20416666666666666
0 0.378125 0.18333333333333332 0.16875 0.21666666666666667
0 0.11875 0.4708333333333333 0.159375 0.2125
0 0.31875 0.4864583333333333 0.15625 0.20208333333333334
0 0.809375 0.4552083333333333 0.184375 0.24791666666666667
0 0.13046875 0.7270833333333333 0.1609375 0.20833333333333334
0 0.3296875 0.7604166666666666 0.159375 0.20416666666666666
0 0.57890625 0.7166666666666667 0.1390625 0.19583333333333333
0 0.896875 0.74375 0.16875 0.2375
0 0.17109375 0.19583333333333333 0.1546875 0.20416666666666666
0 0.378125 0.18333333333333332 0.16875 0.21666666666666667
0 0.11875 0.4708333333333333 0.159375 0.2125
0 0.31875 0.4864583333333333 0.15625 0.20208333333333334
0 0.809375 0.4552083333333333 0.184375 0.24791666666666667
0 0.13046875 0.7270833333333333 0.1609375 0.20833333333333334
0 0.3296875 0.7604166666666666 0.159375 0.20416666666666666
0 0.57890625 0.7166666666666667 0.1390625 0.19583333333333333
0 0.896875 0.74375 0.16875 0.2375
