0 0.2875 0.17291666666666666 0.146875 0.1875
0 0.48828125 0.18333333333333332 0.1453125 0.19166666666666668
0 0.66484375 0.20208333333333334 0.1484375 0.20416666666666666
0 0.12578125 0.4552083333333333 0.1578125 0.20625
0 0.3390625 0.4822916666666667 0.140625 0.18958333333333333
0 0.49609375 0.46875 0.1578125 0.20416666666666666
0 0.171875 0.7625 0.190625 0.25
0 0.41796875 0.76875 0.1609375 0.20833333333333334
0 0.88828125 0.7625 0.1609375 0.22916666666666666
0 0.2875 0.17291666666666666 0.146875 0.1875
0 0.48828125 0.18333333333333332 0.1453125 0.19166666666666668
0 0.66484375 0.20208333333333334 0.1484375 0.20416666666666666
0 0.12578125 0.4552083333333333 0.1578125 0.20625
0 0.3390625 0.4822916666666667 0.140625 0.18958333333333333
0 0.49609375 0.46875 0.1578125 0.20416666666666666
0 0.171875 0.7625 0.190625 0.25
0 0.41796875 0.76875 0.1609375 0.20833333333333334
0 0.88828125 0.7625 0.1609375 0.22916666666666666
