0 0.2703125 0.30833333333333335 0.1375 0.175
0 0.43671875 0.30416666666666664 0.1359375 0.18333333333333332
0 0.60546875 0.30416666666666664 0.1390625 0.18333333333333332
0 0.10546875 0.5614583333333333 0.1421875 0.18958333333333333
0 0.2984375 0.5760416666666667 0.128125 0.16875
0 0.4453125 0.5635416666666667 0.140625 0.18541666666666667
0 0.859375 0.5708333333333333 0.15625 0.20833333333333334
0 0.10625 0.8291666666666667 0.16875 0.225
0 0.67734375 0.8541666666666666 0.1453125 0.1875
0 0.2703125 0.30833333333333335 0.1375 0.175
0 0.43671875 0.30416666666666664 0.1359375 0.18333333333333332
0 0.60546875 0.30416666666666664 0.1390625 0.18333333333333332
0 0.10546875 0.5614583333333333 0.1421875 0.18958333333333333
0 0.2984375 0.5760416666666667 0.128125 0.16875
0 0.4453125 0.5635416666666667 0.140625 0.18541666666666667
0 0.859375 0.5708333333333333 0.15625 0.20833333333333334
0 0.10625 0.8291666666666667 0.16875 0.225
0 0.67734375 0.8541666666666666 0.1453125 0.1875
