0 0.303125 0.22708333333333333 0.15 0.19583333333333333
0 0.49296875 0.23125 0.1484375 0.20416666666666666
0 0.6796875 0.225 0.153125 0.20416666666666666
0 0.09453125 0.471875 0.1578125 0.21041666666666667
0 0.31640625 0.49895833333333334 0.1390625 0.18958333333333333
0 0.4796875 0.5 0.153125 0.2
0 0.91640625 0.5104166666666666 0.1609375 0.22083333333333333
0 0.10390625 0.7427083333333333 0.1828125 0.24375
0 0.3203125 0.7604166666666666 0.146875 0.20416666666666666
0 0.73203125 0.7875 0.1421875 0.19166666666666668
0 0.303125 0.22708333333333333 0.15 0.19583333333333333
0 0.49296875 0.23125 0.1484375 0.20416666666666666
0 0.6796875 0.225 0.153125 0.20416666666666666
0 0.09453125 0.471875 0.1578125 0.21041666666666667
0 0.31640625 0.49895833333333334 0.1390625 0.18958333333333333
0 0.4796875 0.5 0.153125 0.2
0 0.91640625 0.5104166666666666 0.1609375 0.22083333333333333
0 0.10390625 0.7427083333333333 0.1828125 0.24375
0 0.3203125 0.7604166666666666 0.146875 0.20416666666666666
0 0.73203125 0.7875 0.1421875 0.19166666666666668
