0 0.31171875 0.19166666666666668 0.1546875 0.2
0 0.703125 0.2125 0.134375 0.1875
0 0.9078125 0.23229166666666667 0.165625 0.23125
0 0.11015625 0.45729166666666665 0.1671875 0.22291666666666668
0 0.54765625 0.4708333333333333 0.1453125 0.19583333333333333
0 0.7015625 0.46875 0.128125 0.17916666666666667
0 0.91484375 0.4979166666666667 0.1484375 0.19583333333333333
0 0.33984375 0.7322916666666667 0.1453125 0.19375
0 0.53125 0.7260416666666667 0.14375 0.18541666666666667
0 0.69921875 0.7229166666666667 0.1359375 0.17916666666666667
0 0.31171875 0.19166666666666668 0.1546875 0.2
0 0.703125 0.2125 0.134375 0.1875
0 0.9078125 0.23229166666666667 0.165625 0.23125
0 0.11015625 0.45729166666666665 0.1671875 0.22291666666666668
0 0.54765625 0.4708333333333333 0.1453125 0.19583333333333333
0 0.7015625 0.46875 0.128125 0.17916666666666667
0 0.91484375 0.4979166666666667 0.1484375 0.19583333333333333
0 0.33984375 0.7322916666666667 0.1453125 0.19375
0 0.53125 0.7260416666666667 0.14375 0.18541666666666667
0 0.69921875 0.7229166666666667 0.1359375 0.17916666666666667
