0 0.08515625 0.24166666666666667 0.1421875 0.19583333333333333
0 0.26640625 0.25625 0.1484375 0.19166666666666668
0 0.64921875 0.30625 0.1515625 0.19583333333333333
0 0.46953125 0.5604166666666667 0.1515625 0.1875
0 0.6875 0.565625 0.175 0.22291666666666668
0 0.096875 0.803125 0.146875 0.19375
0 0.29765625 0.8177083333333334 0.1703125 0.23125
0 0.715625 0.85 0.15 0.1875
0 0.88125 0.8229166666666666 0.13125 0.175
0 0.08515625 0.24166666666666667 0.1421875 0.19583333333333333
0 0.26640625 0.25625 0.1484375 0.19166666666666668
0 0.64921875 0.30625 0.1515625 0.19583333333333333
0 0.46953125 0.5604166666666667 0.1515625 0.1875
0 0.6875 0.565625 0.175 0.22291666666666668
0 0.096875 0.803125 0.146875 0.19375
0 0.29765625 0.8177083333333334 0.1703125 0.23125
0 0.715625 0.85 0.15 0.1875
0 0.88125 0.8229166666666666 0.13125 0.175
