0 0.6953125 0.165625 0.1375 0.17708333333333334
0 0.7921875 0.3614583333333333 0.1375 0.18125
0 0.221875 0.7010416666666667 0.125 0.17291666666666666
0 0.5828125 0.7166666666666667 0.178125 0.2375
0 0.7390625 0.5895833333333333 0.14375 0.17916666666666667
0 0.6953125 0.165625 0.1375 0.17708333333333334
0 0.7921875 0.3614583333333333 0.1375 0.18125
0 0.221875 0.7010416666666667 0.125 0.17291666666666666
0 0.5828125 0.7166666666666667 0.178125 0.2375
0 0.7390625 0.5895833333333333 0.14375 0.17916666666666667
