0 0.57578125 0.26666666666666666 0.1453125 0.19166666666666668
0 0.796875 0.21770833333333334 0.15625 0.20625
0 0.1828125 0.51875 0.146875 0.2
0 0.8171875 0.4979166666666667 0.165625 0.21666666666666667
0 0.615625 0.828125 0.18125 0.23958333333333334
0 0.57578125 0.26666666666666666 0.1453125 0.19166666666666668
0 0.796875 0.21770833333333334 0.15625 0.20625
0 0.1828125 0.51875 0.146875 0.2
0 0.8171875 0.4979166666666667 0.165625 0.21666666666666667
0 0.615625 0.828125 0.18125 0.23958333333333334
