0 0.890625 0.45729166666666665 0.18125 0.2520833333333333
0 0.4578125 0.846875 0.159375 0.21458333333333332
0 0.62578125 0.7625 0.1828125 0.25
0 0.46640625 0.6135416666666667 0.1578125 0.21458333333333332
0 0.759375 0.6020833333333333 0.1625 0.22916666666666666
0 0.890625 0.45729166666666665 0.18125 0.2520833333333333
0 0.4578125 0.846875 0.159375 0.21458333333333332
0 0.62578125 0.7625 0.1828125 0.25
0 0.46640625 0.6135416666666667 0.1578125 0.21458333333333332
0 0.759375 0.6020833333333333 0.1625 0.22916666666666666
