0 0.24296875 0.203125 0.2203125 0.3020833333333333
0 0.246875 0.47708333333333336 0.19375 0.25
0 0.8625 0.415625 0.15625 0.21041666666666667
0 0.57265625 0.5916666666666667 0.1546875 0.21666666666666667
0 0.73671875 0.7197916666666667 0.1765625 0.2520833333333333
0 0.89140625 0.6552083333333333 0.1515625 0.21458333333333332
0 0.56953125 0.8114583333333333 0.1546875 0.21875
0 0.24296875 0.203125 0.2203125 0.3020833333333333
0 0.246875 0.47708333333333336 0.19375 0.25
0 0.8625 0.415625 0.15625 0.21041666666666667
0 0.57265625 0.5916666666666667 0.1546875 0.21666666666666667
0 0.73671875 0.7197916666666667 0.1765625 0.2520833333333333
0 0.89140625 0.6552083333333333 0.1515625 0.21458333333333332
0 0.56953125 0.8114583333333333 0.1546875 0.21875
