0 0.81015625 0.22604166666666667 0.1828125 0.23125
0 0.47578125 0.3958333333333333 0.2046875 0.2625
0 0.84921875 0.465625 0.1609375 0.22708333333333333
0 0.1578125 0.5416666666666666 0.23125 0.2833333333333333
0 0.50390625 0.6635416666666667 0.1703125 0.22708333333333333
0 0.69375 0.6197916666666666 0.196875 0.26875
0 0.5078125 0.890625 0.165625 0.21458333333333332
0 0.81015625 0.22604166666666667 0.1828125 0.23125
0 0.47578125 0.3958333333333333 0.2046875 0.2625
0 0.84921875 0.465625 0.1609375 0.22708333333333333
0 0.1578125 0.5416666666666666 0.23125 0.2833333333333333
0 0.50390625 0.6635416666666667 0.1703125 0.22708333333333333
0 0.69375 0.6197916666666666 0.196875 0.26875
0 0.5078125 0.890625 0.165625 0.21458333333333332
