0 0.11796875 0.18541666666666667 0.1703125 0.2375
0 0.246875 0.5041666666666667 0.1875 0.25416666666666665
0 0.4515625 0.4510416666666667 0.171875 0.22291666666666668
0 0.11953125 0.6604166666666667 0.1609375 0.20833333333333334
0 0.50703125 0.665625 0.1921875 0.25625
0 0.19921875 0.859375 0.1734375 0.20208333333333334
0 0.11796875 0.18541666666666667 0.1703125 0.2375
0 0.246875 0.5041666666666667 0.1875 0.25416666666666665
0 0.4515625 0.4510416666666667 0.171875 0.22291666666666668
0 0.11953125 0.6604166666666667 0.1609375 0.20833333333333334
0 0.50703125 0.665625 0.1921875 0.25625
0 0.19921875 0.859375 0.1734375 0.20208333333333334
