0 0.3234375 0.38958333333333334 0.203125 0.25833333333333336
0 0.1796875 0.5458333333333333 0.153125 0.19583333333333333
0 0.3421875 0.6479166666666667 0.175 0.2375
0 0.22578125 0.7427083333333333 0.1328125 0.18541666666666667
0 0.78203125 0.7354166666666667 0.1640625 0.21666666666666667
0 0.3234375 0.38958333333333334 0.203125 0.25833333333333336
0 0.1796875 0.5458333333333333 0.153125 0.19583333333333333
0 0.3421875 0.6479166666666667 0.175 0.2375
0 0.22578125 0.7427083333333333 0.1328125 0.18541666666666667
0 0.78203125 0.7354166666666667 0.1640625 0.21666666666666667
