0 0.23515625 0.3489583333333333 0.2171875 0.28125
0 0.9140625 0.5583333333333333 0.1625 0.22083333333333333
0 0.09921875 0.5708333333333333 0.1921875 0.25416666666666665
0 0.31953125 0.5666666666666667 0.1515625 0.20833333333333334
0 0.7640625 0.7166666666666667 0.178125 0.2375
0 0.23515625 0.3489583333333333 0.2171875 0.28125
0 0.9140625 0.5583333333333333 0.1625 0.22083333333333333
0 0.09921875 0.5708333333333333 0.1921875 0.25416666666666665
0 0.31953125 0.5666666666666667 0.1515625 0.20833333333333334
0 0.7640625 0.7166666666666667 0.178125 0.2375
