0 0.221875 0.24375 0.175 0.2375
0 0.70078125 0.38645833333333335 0.1640625 0.21458333333333332
0 0.83203125 0.384375 0.1328125 0.19791666666666666
0 0.53984375 0.6072916666666667 0.1609375 0.21041666666666667
0 0.61875 0.8333333333333334 0.209375 0.2708333333333333
0 0.221875 0.24375 0.175 0.2375
0 0.70078125 0.38645833333333335 0.1640625 0.21458333333333332
0 0.83203125 0.384375 0.1328125 0.19791666666666666
0 0.53984375 0.6072916666666667 0.1609375 0.21041666666666667
0 0.61875 0.8333333333333334 0.209375 0.2708333333333333
