0 0.2390625 0.25 0.178125 0.2375
0 0.575 0.14895833333333333 0.1875 0.25625
0 0.56875 0.396875 0.159375 0.21458333333333332
0 0.73203125 0.3802083333333333 0.1546875 0.21041666666666667
0 0.85234375 0.375 0.1296875 0.19583333333333333
0 0.2609375 0.74375 0.209375 0.2833333333333333
0 0.2390625 0.25 0.178125 0.2375
0 0.575 0.14895833333333333 0.1875 0.25625
0 0.56875 0.396875 0.159375 0.21458333333333332
0 0.73203125 0.3802083333333333 0.1546875 0.21041666666666667
0 0.85234375 0.375 0.1296875 0.19583333333333333
0 0.2609375 0.74375 0.209375 0.2833333333333333
