0 0.5328125 0.14166666666666666 0.2125 0.275
0 0.51484375 0.428125 0.1734375 0.23541666666666666
0 0.70546875 0.41458333333333336 0.1796875 0.2375
0 0.853125 0.32916666666666666 0.15625 0.2125
0 0.89140625 0.5989583333333334 0.1953125 0.28125
0 0.1859375 0.8416666666666667 0.240625 0.30416666666666664
0 0.5328125 0.14166666666666666 0.2125 0.275
0 0.51484375 0.428125 0.1734375 0.23541666666666666
0 0.70546875 0.41458333333333336 0.1796875 0.2375
0 0.853125 0.32916666666666666 0.15625 0.2125
0 0.89140625 0.5989583333333334 0.1953125 0.28125
0 0.1859375 0.8416666666666667 0.240625 0.30416666666666664
