0 0.19609375 0.48333333333333334 0.1609375 0.21666666666666667
0 0.3375 0.5958333333333333 0.165625 0.2125
0 0.50390625 0.5864583333333333 0.1609375 0.21041666666666667
0 0.828125 0.7458333333333333 0.196875 0.24583333333333332
0 0.653125 0.85625 0.19375 0.24583333333333332
0 0.19609375 0.48333333333333334 0.1609375 0.21666666666666667
0 0.3375 0.5958333333333333 0.165625 0.2125
0 0.50390625 0.5864583333333333 0.1609375 0.21041666666666667
0 0.828125 0.7458333333333333 0.196875 0.24583333333333332
0 0.653125 0.85625 0.19375 0.24583333333333332
