0 0.36171875 0.18541666666666667 0.1984375 0.26666666666666666
0 0.18046875 0.2916666666666667 0.2078125 0.26666666666666666
0 0.21015625 0.5458333333333333 0.1640625 0.2125
0 0.503125 0.4083333333333333 0.153125 0.2125
0 0.69921875 0.3729166666666667 0.1984375 0.2625
0 0.76015625 0.7875 0.1484375 0.2
0 0.58515625 0.85 0.1515625 0.19583333333333333
0 0.36171875 0.18541666666666667 0.1984375 0.26666666666666666
0 0.18046875 0.2916666666666667 0.2078125 0.26666666666666666
0 0.21015625 0.5458333333333333 0.1640625 0.2125
0 0.503125 0.4083333333333333 0.153125 0.2125
0 0.69921875 0.3729166666666667 0.1984375 0.2625
0 0.76015625 0.7875 0.1484375 0.2
0 0.58515625 0.85 0.1515625 0.19583333333333333
