0 0.1625 0.2916666666666667 0.203125 0.2708333333333333
0 0.35078125 0.18229166666666666 0.1984375 0.26458333333333334
0 0.5015625 0.41041666666666665 0.159375 0.20833333333333334
0 0.69296875 0.378125 0.2078125 0.28125
0 0.17734375 0.5645833333333333 0.1734375 0.22916666666666666
0 0.7640625 0.784375 0.15 0.21041666666666667
0 0.5875 0.8645833333333334 0.15625 0.20833333333333334
0 0.1625 0.2916666666666667 0.203125 0.2708333333333333
0 0.35078125 0.18229166666666666 0.1984375 0.26458333333333334
0 0.5015625 0.41041666666666665 0.159375 0.20833333333333334
0 0.69296875 0.378125 0.2078125 0.28125
0 0.17734375 0.5645833333333333 0.1734375 0.22916666666666666
0 0.7640625 0.784375 0.15 0.21041666666666667
0 0.5875 0.8645833333333334 0.15625 0.20833333333333334
