0 0.1828125 0.27395833333333336 0.2 0.26458333333333334
0 0.3609375 0.14270833333333333 0.2 0.25625
0 0.51875 0.378125 0.165625 0.21041666666666667
0 0.19609375 0.5260416666666666 0.1640625 0.21458333333333332
0 0.83671875 0.5625 0.2078125 0.2791666666666667
0 0.5796875 0.8270833333333333 0.159375 0.20416666666666666
0 0.74140625 0.7739583333333333 0.1578125 0.21875
0 0.1828125 0.27395833333333336 0.2 0.26458333333333334
0 0.3609375 0.14270833333333333 0.2 0.25625
0 0.51875 0.378125 0.165625 0.21041666666666667
0 0.19609375 0.5260416666666666 0.1640625 0.21458333333333332
0 0.83671875 0.5625 0.2078125 0.2791666666666667
0 0.5796875 0.8270833333333333 0.159375 0.20416666666666666
0 0.74140625 0.7739583333333333 0.1578125 0.21875
