0 0.13125 0.2 0.209375 0.2833333333333333
0 0.31484375 0.22708333333333333 0.1671875 0.2125
0 0.47265625 0.18125 0.1640625 0.225
0 0.8328125 0.18854166666666666 0.1875 0.2520833333333333
0 0.23984375 0.44479166666666664 0.1890625 0.24791666666666667
0 0.84296875 0.48020833333333335 0.1578125 0.21041666666666667
0 0.85859375 0.725 0.1859375 0.24583333333333332
0 0.48984375 0.8760416666666667 0.1515625 0.19791666666666666
0 0.13125 0.2 0.209375 0.2833333333333333
0 0.31484375 0.22708333333333333 0.1671875 0.2125
0 0.47265625 0.18125 0.1640625 0.225
0 0.8328125 0.18854166666666666 0.1875 0.2520833333333333
0 0.23984375 0.44479166666666664 0.1890625 0.24791666666666667
0 0.84296875 0.48020833333333335 0.1578125 0.21041666666666667
0 0.85859375 0.725 0.1859375 0.24583333333333332
0 0.48984375 0.8760416666666667 0.1515625 0.19791666666666666
