0 0.13046875 0.18125 0.1859375 0.24583333333333332
0 0.3015625 0.18229166666666666 0.146875 0.19791666666666666
0 0.45703125 0.15833333333333333 0.1484375 0.19583333333333333
0 0.63984375 0.14895833333333333 0.1671875 0.22708333333333333
0 0.24921875 0.4114583333333333 0.1703125 0.23125
0 0.9265625 0.33125 0.140625 0.18333333333333332
0 0.4703125 0.8208333333333333 0.14375 0.18333333333333332
0 0.80703125 0.6822916666666666 0.1828125 0.23541666666666666
0 0.13046875 0.18125 0.1859375 0.24583333333333332
0 0.3015625 0.18229166666666666 0.146875 0.19791666666666666
0 0.45703125 0.15833333333333333 0.1484375 0.19583333333333333
0 0.63984375 0.14895833333333333 0.1671875 0.22708333333333333
0 0.24921875 0.4114583333333333 0.1703125 0.23125
0 0.9265625 0.33125 0.140625 0.18333333333333332
0 0.4703125 0.8208333333333333 0.14375 0.18333333333333332
0 0.80703125 0.6822916666666666 0.1828125 0.23541666666666666
