0 0.43515625 0.25833333333333336 0.1984375 0.26666666666666666
0 0.65390625 0.246875 0.1921875 0.25625
0 0.82578125 0.29583333333333334 0.1890625 0.25416666666666665
0 0.2453125 0.49895833333333334 0.153125 0.20625
0 0.65390625 0.5125 0.1734375 0.21666666666666667
0 0.85 0.5541666666666667 0.171875 0.22083333333333333
0 0.2171875 0.759375 0.16875 0.22291666666666668
0 0.43515625 0.25833333333333336 0.1984375 0.26666666666666666
0 0.65390625 0.246875 0.1921875 0.25625
0 0.82578125 0.29583333333333334 0.1890625 0.25416666666666665
0 0.2453125 0.49895833333333334 0.153125 0.20625
0 0.65390625 0.5125 0.1734375 0.21666666666666667
0 0.85 0.5541666666666667 0.171875 0.22083333333333333
0 0.2171875 0.759375 0.16875 0.22291666666666668
