0 0.8 0.20833333333333334 0.15 0.21666666666666667
0 0.2125 0.4041666666666667 0.171875 0.225
0 0.415625 0.43125 0.1625 0.22083333333333333
0 0.6125 0.459375 0.159375 0.21458333333333332
0 0.78828125 0.4666666666666667 0.1390625 0.19166666666666668
0 0.1578125 0.7 0.203125 0.26666666666666666
0 0.4078125 0.690625 0.196875 0.2520833333333333
0 0.6171875 0.7104166666666667 0.184375 0.25416666666666665
0 0.8 0.20833333333333334 0.15 0.21666666666666667
0 0.2125 0.4041666666666667 0.171875 0.225
0 0.415625 0.43125 0.1625 0.22083333333333333
0 0.6125 0.459375 0.159375 0.21458333333333332
0 0.78828125 0.4666666666666667 0.1390625 0.19166666666666668
0 0.1578125 0.7 0.203125 0.26666666666666666
0 0.4078125 0.690625 0.196875 0.2520833333333333
0 0.6171875 0.7104166666666667 0.184375 0.25416666666666665
