0 0.56328125 0.225 0.1859375 0.25833333333333336
0 0.75078125 0.246875 0.1453125 0.20625
0 0.17265625 0.40625 0.1671875 0.2125
0 0.3796875 0.4510416666666667 0.165625 0.21458333333333332
0 0.70859375 0.48125 0.1359375 0.17916666666666667
0 0.140625 0.7041666666666667 0.196875 0.25416666666666665
0 0.35 0.721875 0.159375 0.21458333333333332
0 0.55546875 0.7166666666666667 0.1734375 0.24166666666666667
0 0.56328125 0.225 0.1859375 0.25833333333333336
0 0.75078125 0.246875 0.1453125 0.20625
0 0.17265625 0.40625 0.1671875 0.2125
0 0.3796875 0.4510416666666667 0.165625 0.21458333333333332
0 0.70859375 0.48125 0.1359375 0.17916666666666667
0 0.140625 0.7041666666666667 0.196875 0.25416666666666665
0 0.35 0.721875 0.159375 0.21458333333333332
0 0.55546875 0.7166666666666667 0.1734375 0.24166666666666667
