0 0.51953125 0.23541666666666666 0.1609375 0.20833333333333334
0 0.70859375 0.5052083333333334 0.1546875 0.20208333333333334
0 0.55 0.46041666666666664 0.1375 0.18333333333333332
0 0.5046875 0.7072916666666667 0.1875 0.2520833333333333
0 0.309375 0.7125 0.15625 0.2125
0 0.1078125 0.715625 0.184375 0.24375
0 0.88828125 0.6520833333333333 0.1453125 0.20416666666666666
0 0.51953125 0.23541666666666666 0.1609375 0.20833333333333334
0 0.70859375 0.5052083333333334 0.1546875 0.20208333333333334
0 0.55 0.46041666666666664 0.1375 0.18333333333333332
0 0.5046875 0.7072916666666667 0.1875 0.2520833333333333
0 0.309375 0.7125 0.15625 0.2125
0 0.1078125 0.715625 0.184375 0.24375
0 0.88828125 0.6520833333333333 0.1453125 0.20416666666666666
