0 0.5515625 0.23333333333333334 0.2 0.2833333333333333
0 0.5203125 0.49375 0.140625 0.1875
0 0.740625 0.5541666666666667 0.15625 0.20416666666666666
0 0.89765625 0.4635416666666667 0.1484375 0.19375
0 0.11640625 0.7447916666666666 0.1921875 0.23541666666666666
0 0.334375 0.7489583333333333 0.1625 0.20625
0 0.54765625 0.7708333333333334 0.1859375 0.2375
0 0.91796875 0.684375 0.1484375 0.20625
0 0.5515625 0.23333333333333334 0.2 0.2833333333333333
0 0.5203125 0.49375 0.140625 0.1875
0 0.740625 0.5541666666666667 0.15625 0.20416666666666666
0 0.89765625 0.4635416666666667 0.1484375 0.19375
0 0.11640625 0.7447916666666666 0.1921875 0.23541666666666666
0 0.334375 0.7489583333333333 0.1625 0.20625
0 0.54765625 0.7708333333333334 0.1859375 0.2375
0 0.91796875 0.684375 0.1484375 0.20625
