0 0.1296875 0.178125 0.19375 0.24791666666666667
0 0.5453125 0.20520833333333333 0.203125 0.27708333333333335
0 0.903125 0.4270833333333333 0.1375 0.20416666666666666
0 0.7359375 0.5020833333333333 0.15625 0.2125
0 0.52734375 0.47291666666666665 0.1453125 0.1875
0 0.3265625 0.7125 0.1625 0.2125
0 0.52734375 0.7322916666666667 0.1890625 0.25625
0 0.9171875 0.6677083333333333 0.146875 0.21458333333333332
0 0.1296875 0.178125 0.19375 0.24791666666666667
0 0.5453125 0.20520833333333333 0.203125 0.27708333333333335
0 0.903125 0.4270833333333333 0.1375 0.20416666666666666
0 0.7359375 0.5020833333333333 0.15625 0.2125
0 0.52734375 0.47291666666666665 0.1453125 0.1875
0 0.3265625 0.7125 0.1625 0.2125
0 0.52734375 0.7322916666666667 0.1890625 0.25625
0 0.9171875 0.6677083333333333 0.146875 0.21458333333333332
