0 0.1359375 0.15104166666666666 0.209375 0.26875
0 0.56484375 0.15833333333333333 0.2109375 0.2875
0 0.346875 0.44375 0.15 0.20416666666666666
0 0.734375 0.471875 0.159375 0.21875
0 0.3359375 0.759375 0.165625 0.23541666666666666
0 0.55078125 0.73125 0.1984375 0.26666666666666666
0 0.91171875 0.6375 0.1515625 0.21666666666666667
0 0.1359375 0.15104166666666666 0.209375 0.26875
0 0.56484375 0.15833333333333333 0.2109375 0.2875
0 0.346875 0.44375 0.15 0.20416666666666666
0 0.734375 0.471875 0.159375 0.21875
0 0.3359375 0.759375 0.165625 0.23541666666666666
0 0.55078125 0.73125 0.1984375 0.26666666666666666
0 0.91171875 0.6375 0.1515625 0.21666666666666667
