0 0.13359375 0.209375 0.1890625 0.26458333333333334
0 0.3796875 0.25833333333333336 0.15 0.20416666666666666
0 0.5828125 0.17708333333333334 0.209375 0.2916666666666667
0 0.73046875 0.4666666666666667 0.1609375 0.22083333333333333
0 0.90625 0.5802083333333333 0.15 0.21875
0 0.33984375 0.7354166666666667 0.1546875 0.20833333333333334
0 0.5328125 0.7447916666666666 0.1875 0.25625
0 0.13359375 0.209375 0.1890625 0.26458333333333334
0 0.3796875 0.25833333333333336 0.15 0.20416666666666666
0 0.5828125 0.17708333333333334 0.209375 0.2916666666666667
0 0.73046875 0.4666666666666667 0.1609375 0.22083333333333333
0 0.90625 0.5802083333333333 0.15 0.21875
0 0.33984375 0.7354166666666667 0.1546875 0.20833333333333334
0 0.5328125 0.7447916666666666 0.1875 0.25625
