0 0.31171875 0.20104166666666667 0.1828125 0.24375
0 0.540625 0.22395833333333334 0.19375 0.2604166666666667
0 0.7421875 0.225 0.14375 0.20416666666666666
0 0.8703125 0.36770833333333336 0.1625 0.22708333333333333
0 0.21875 0.7135416666666666 0.1375 0.17708333333333334
0 0.371875 0.7135416666666666 0.15 0.19791666666666666
0 0.55703125 0.715625 0.1703125 0.23958333333333334
0 0.86015625 0.6104166666666667 0.1421875 0.18333333333333332
0 0.31171875 0.20104166666666667 0.1828125 0.24375
0 0.540625 0.22395833333333334 0.19375 0.2604166666666667
0 0.7421875 0.225 0.14375 0.20416666666666666
0 0.8703125 0.36770833333333336 0.1625 0.22708333333333333
0 0.21875 0.7135416666666666 0.1375 0.17708333333333334
0 0.371875 0.7135416666666666 0.15 0.19791666666666666
0 0.55703125 0.715625 0.1703125 0.23958333333333334
0 0.86015625 0.6104166666666667 0.1421875 0.18333333333333332
