0 0.153125 0.16666666666666666 0.19375 0.2708333333333333
0 0.4109375 0.2 0.221875 0.2916666666666667
0 0.6359375 0.21770833333333334 0.16875 0.23125
0 0.82265625 0.25625 0.1921875 0.26666666666666666
0 0.60390625 0.496875 0.1703125 0.22291666666666668
0 0.79609375 0.5291666666666667 0.1671875 0.225
0 0.159375 0.8041666666666667 0.159375 0.225
0 0.38203125 0.7760416666666666 0.1953125 0.2520833333333333
0 0.7765625 0.7604166666666666 0.15625 0.19583333333333333
0 0.153125 0.16666666666666666 0.19375 0.2708333333333333
0 0.4109375 0.2 0.221875 0.2916666666666667
0 0.6359375 0.21770833333333334 0.16875 0.23125
0 0.82265625 0.25625 0.1921875 0.26666666666666666
0 0.60390625 0.496875 0.1703125 0.22291666666666668
0 0.79609375 0.5291666666666667 0.1671875 0.225
0 0.159375 0.8041666666666667 0.159375 0.225
0 0.38203125 0.7760416666666666 0.1953125 0.2520833333333333
0 0.7765625 0.7604166666666666 0.15625 0.19583333333333333
