0 0.1890625 0.15416666666666667 0.215625 0.2833333333333333
0 0.44609375 0.18229166666666666 0.2203125 0.29791666666666666
0 0.66640625 0.20208333333333334 0.1640625 0.22916666666666666
0 0.8375 0.23958333333333334 0.184375 0.26666666666666666
0 0.63359375 0.48541666666666666 0.1609375 0.22083333333333333
0 0.82265625 0.5208333333333334 0.1546875 0.2125
0 0.16328125 0.7875 0.1765625 0.225
0 0.4109375 0.7802083333333333 0.196875 0.25625
0 0.79140625 0.7427083333333333 0.1421875 0.18541666666666667
0 0.1890625 0.15416666666666667 0.215625 0.2833333333333333
0 0.44609375 0.18229166666666666 0.2203125 0.29791666666666666
0 0.66640625 0.20208333333333334 0.1640625 0.22916666666666666
0 0.8375 0.23958333333333334 0.184375 0.26666666666666666
0 0.63359375 0.48541666666666666 0.1609375 0.22083333333333333
0 0.82265625 0.5208333333333334 0.1546875 0.2125
0 0.16328125 0.7875 0.1765625 0.225
0 0.4109375 0.7802083333333333 0.196875 0.25625
0 0.79140625 0.7427083333333333 0.1421875 0.18541666666666667
