0 0.15546875 0.39895833333333336 0.1765625 0.22291666666666668
0 0.38359375 0.34375 0.1421875 0.1875
0 0.5484375 0.3875 0.15 0.20416666666666666
0 0.7140625 0.403125 0.16875 0.23125
0 0.903125 0.3333333333333333 0.1625 0.22916666666666666
0 0.24765625 0.6895833333333333 0.1359375 0.16666666666666666
0 0.53828125 0.6229166666666667 0.1421875 0.19583333333333333
0 0.7109375 0.6635416666666667 0.153125 0.18541666666666667
0 0.15546875 0.39895833333333336 0.1765625 0.22291666666666668
0 0.38359375 0.34375 0.1421875 0.1875
0 0.5484375 0.3875 0.15 0.20416666666666666
0 0.7140625 0.403125 0.16875 0.23125
0 0.903125 0.3333333333333333 0.1625 0.22916666666666666
0 0.24765625 0.6895833333333333 0.1359375 0.16666666666666666
0 0.53828125 0.6229166666666667 0.1421875 0.19583333333333333
0 0.7109375 0.6635416666666667 0.153125 0.18541666666666667
