0 0.12265625 0.365625 0.1828125 0.23541666666666666
0 0.36328125 0.3458333333333333 0.1453125 0.2
0 0.5203125 0.35520833333333335 0.146875 0.21041666666666667
0 0.6953125 0.38333333333333336 0.178125 0.24166666666666667
0 0.9015625 0.328125 0.16875 0.23958333333333334
0 0.19296875 0.5979166666666667 0.1296875 0.1875
0 0.5421875 0.6197916666666666 0.153125 0.19791666666666666
0 0.88046875 0.60625 0.1421875 0.19583333333333333
0 0.12265625 0.365625 0.1828125 0.23541666666666666
0 0.36328125 0.3458333333333333 0.1453125 0.2
0 0.5203125 0.35520833333333335 0.146875 0.21041666666666667
0 0.6953125 0.38333333333333336 0.178125 0.24166666666666667
0 0.9015625 0.328125 0.16875 0.23958333333333334
0 0.19296875 0.5979166666666667 0.1296875 0.1875
0 0.5421875 0.6197916666666666 0.153125 0.19791666666666666
0 0.88046875 0.60625 0.1421875 0.19583333333333333
